0700
0702
0706
0708
0709
0711
0712
0713
0714
0715
0721
0722
0747
0749
0970
0974
0975
0987
0988
0991
0992
0995
1002
1003
1009
1014
1015
1016
1022
1028
1030
1032
1038
1042
1061
1072
1074
1078
1082
1083
1086
1091
1094
1207
1212
1214
1215
1225
1228
1239
1240
1242
1243
1247
1248
1252
1253
1254
1261
1269
1273
1275
1276
1281
1291
1292
1293
2303
2304
2306
2307
2311
2312
2313
2317
2318
2319
2320
2325
2326
2327
2328
2330
2332
2338
2339
2342
2345
2351
2363
2376
2377
2378
2379
2380
2382
2385
2395
2396
2399
2404
2407
2418
2436
2437
2440
2442
2444
2445
2446
2448
2461
2462
2464
2469
2472
2473
4642
4643
4644
4645
4646
4647
4648
4649
4650
4654
4656
4657
4658
4659
4660
4661
4662
4663
4664
4665
4666
4667
4668
4669
4670
4671
4672
4673
4674
4675
4676
4677
4678
4679
4680
4681
4682
4683
4684
4685
4687
4688
4689
4690
4691
4692
4694
4695
4696
4697
4698
4699
4900
4901
4902
4903
4904
4905
4906
4907
4909
4910
4911
4912
4913
4915
4916
4917
4918
4919
4920
4921
4922
4923
4924
4925
4926
4927
4928
4929
4930
4931
4932
4933
4934
4935
4937
4938
4939
4940
4941
4943
4945
4946
4947
4948
4949
4950
4951
4953
4954
4955
4956
4957
4958
4959
4960
4961
4962
4963
4964
4965
4967
4968
4969
4971
4972
4975
4976
4977
4979
4980
4981
4982
4983
4984
4985
4986
4987
4988
4989
4990
4992
4993
4994
4995
4996
4997
4998
4999
5000
5001
5002
5003
5004
5005
5007
5008
5009
5010
5011
5012
5013
5014
5015
5016
5017
5019
5020
5021
5022
5024
5025
5026
5027
5028
5029
5030
5031
5032
5034
5035
5036
5037
5038
5039
5040
5041
